156
121
566
511
485
831
588
846
941
936
582
416
461
618
762
715
681
228
352
325
222
255
358
786
612
665
27
50
768
979
523
554
874
803
459
997
113
164
119
180
890
904
973
529
809
453
424
317
283
360
86
727
750
68
657
620
62
15
267
384
210
289
138
591
405
472
828
508
2
925
478
822
855
575
8
502
496
958
145
132
34
698
43
795
601
676
231
246
341
336
49
771
706
692
440
437
883
917
960
193
199
100
177
867
810
984
530
547
889
379
274
397
203
749
71
644
633
734
743
639
95
304
290
373
209
204
390
273
309
98
634
643
739
76
649
92
744
733
279
374
297
303
967
910
884
430
989
447
194
170
107
540
537
983
817
860
671
606
792
44
33
241
236
331
346
798
695
39
701
776
148
578
922
955
5
475
402
858
596
491
505
572
928
408
852
825
135
142
367
284
310
389
757
720
18
81
12
65
627
650
217
383
260
990
804
873
429
909
553
524
163
114
187
169
879
423
454
974
903
897
559
686
712
765
668
322
355
258
328
252
225
57
20
718
662
615
781
126
151
841
836
482
516
561
466
411
585
931
946
488
666
785
611
53
24
688
256
221
326
351
716
682
761
59
128
935
518
942
462
838
581
415
512
948
486
565
845
468
832
122
155
387
213
264
369
623
654
16
759
629
85
753
724
219
363
314
280
970
893
907
427
450
183
167
110
189
899
557
520
800
994
877
705
691
772
608
335
342
238
348
245
232
778
40
37
675
796
602
131
146
856
598
821
501
495
576
471
592
406
926
1
951
370
307
293
78
740
737
96
72
630
647
299
394
200
277
813
987
449
864
544
969
533
174
103
190
109
434
819
443
963
539
880
914
534
919
543
863
439
980
814
104
173
179
197
913
549
887
964
444
869
433
399
294
300
377
91
730
747
640
637
75
270
207
393
141
136
571
492
506
826
851
498
956
6
921
401
595
476
678
775
696
702
248
345
332
235
242
338
605
791
672
708
30
47
457
420
900
894
977
184
117
160
870
993
807
527
550
319
263
214
380
66
11
729
653
88
624
723
754
82
659
287
313
364
269
158
412
586
848
465
945
568
932
835
418
842
562
938
481
515
152
125
23
54
616
782
661
226
251
356
321
766
685
711
29
788
261
216
382
64
13
651
626
19
721
756
80
285
311
366
388
455
878
422
902
558
896
975
186
168
115
162
872
428
991
805
525
908
552
719
21
56
614
780
663
329
224
253
354
323
259
764
687
713
669
410
584
467
489
947
930
837
840
560
483
517
150
127
278
296
302
375
93
648
732
745
642
635
77
738
272
205
391
308
536
541
861
816
106
171
195
911
885
966
446
988
431
799
777
694
700
38
347
330
237
240
607
793
670
32
45
143
134
573
929
490
504
824
409
853
954
4
579
923
403
597
859
474
149
133
144
854
479
823
503
9
959
497
574
473
829
590
404
924
3
509
953
139
707
693
770
48
337
340
247
230
42
35
699
677
794
600
811
985
866
888
546
531
198
176
101
192
436
441
961
882
916
372
305
291
208
742
735
638
94
70
748
632
645
378
396
202
275
937
940
460
583
417
510
484
567
847
589
830
120
157
664
787
613
769
51
26
254
223
359
229
324
353
619
714
680
763
528
891
905
425
808
452
118
181
165
112
555
978
522
802
996
458
875
385
211
266
288
621
656
14
63
87
69
751
726
361
316
282
806
871
551
526
161
116
185
1000
421
998
456
976
901
895
365
286
312
268
755
722
658
83
728
10
67
89
625
652
318
215
381
262
124
153
419
843
834
480
514
563
939
464
413
849
587
569
933
944
159
684
28
710
767
789
320
357
250
227
55
22
660
617
783
965
912
886
548
868
432
445
178
196
172
105
918
542
535
981
815
862
438
206
392
271
636
641
74
90
746
731
398
376
295
301
920
957
499
7
477
400
594
493
507
570
850
827
137
140
673
604
790
46
31
709
243
234
339
249
333
344
679
697
703
774
36
41
779
797
603
674
349
233
244
343
334
239
773
704
690
609
593
407
470
950
927
820
599
857
577
500
494
147
130
298
276
395
201
73
646
631
736
741
79
97
306
292
371
818
442
435
881
915
538
191
108
102
175
865
812
448
986
968
532
545
58
760
717
683
350
327
220
257
784
610
667
25
689
52
154
123
564
513
487
949
469
833
844
519
943
934
580
414
463
839
129
218
315
281
362
628
84
725
752
655
622
758
60
17
265
386
212
368
521
556
898
876
801
995
111
166
188
182
892
906
971
451
426
